16,16,16,13,16,5
17,17,17,15,17,5
18,18,18,16,18,5
19,19,19,17,19,5
20,20,20,18,20,5
21,21,21,19,21,5
22,22,22,20,22,5
23,23,23,21,23,5
24,24,24,22,24,5
25,25,25,23,25,5
26,26,26,24,26,5
27,27,27,25,27,5
28,28,28,26,28,5
29,29,29,27,29,5
30,30,30,28,30,5
31,31,31,29,31,5
32,32,32,30,32,5
33,33,33,31,33,5
34,34,34,32,34,5
35,35,35,33,35,5
36,36,36,34,36,5
37,37,37,35,37,5
38,38,38,36,38,5
39,39,39,37,39,5
40,40,40,38,40,5
41,41,41,39,41,5
42,42,42,40,42,5
43,43,43,41,43,5
44,44,44,42,44,5
45,45,45,43,45,5
46,46,46,44,46,5
47,47,47,45,47,5
48,48,48,46,48,5
49,49,49,47,49,5
50,50,50,48,50,5
51,51,51,49,51,5
52,52,52,50,52,5
53,53,53,51,53,5
54,54,54,52,54,3
55,55,55,53,55,3
56,56,56,54,56,3
57,57,57,55,57,3
58,58,58,56,58,3
59,59,59,57,59,3
60,60,60,58,60,3
61,61,61,59,61,3
62,62,62,60,62,3
63,63,63,61,63,3
64,64,64,62,64,3
65,65,65,63,65,3
66,66,66,64,66,3
67,67,67,65,67,3
68,68,68,66,68,3
69,69,69,67,69,3
70,70,70,68,70,3
71,71,71,69,71,3
72,72,72,70,72,3
73,73,73,71,73,3
74,74,74,72,74,3
75,75,75,73,75,3
76,76,76,74,76,3
77,77,77,75,77,3
78,78,78,76,78,3
79,79,79,77,79,3
80,80,80,78,80,3
81,81,81,79,81,3
82,82,82,80,82,3
83,83,83,81,83,3
84,84,84,82,84,3
85,85,85,83,85,3
86,86,86,84,86,3
87,87,87,85,87,3
88,88,88,86,88,3
89,89,89,87,89,3
90,90,90,88,90,3
91,91,91,89,91,3
92,92,92,90,92,3
93,93,93,91,93,3
94,94,94,92,94,3
95,95,95,93,95,3
96,96,96,94,96,3
97,97,97,95,97,3
98,98,98,96,98,3
99,99,99,97,99,3
100,100,100,98,100,3
101,101,101,99,101,3
102,102,102,100,102,3
103,103,103,101,103,3
104,104,104,102,104,3
105,105,105,103,105,3
106,106,106,104,106,3
107,107,107,105,107,3
108,108,108,106,108,3
109,109,109,107,109,3
110,110,110,108,110,3
111,111,111,109,111,3
112,112,112,110,112,3
113,113,113,111,113,3
114,114,114,112,114,3
115,115,115,113,115,3
116,116,116,114,116,3
117,117,117,115,117,3
118,118,118,116,118,3
119,119,119,117,119,3
120,120,120,118,120,3
121,121,121,119,121,3
122,122,122,120,122,3
123,123,123,121,123,3
124,124,124,122,124,3
125,125,125,123,125,3
126,126,126,124,126,3
127,127,127,125,127,3
128,128,128,126,128,3
129,129,129,127,129,3
130,130,130,128,130,3
131,131,131,129,131,3
132,132,132,130,132,3
133,133,133,131,133,3
134,134,134,132,134,3
135,135,135,133,135,3
136,136,136,134,136,3
137,137,137,135,137,3
138,138,138,136,138,3
139,139,139,137,139,3
140,140,140,138,140,3
141,141,141,139,141,3
142,142,142,140,142,3
143,143,143,141,143,3
144,144,144,142,144,3
145,145,145,143,145,6
146,146,146,144,146,6
147,147,147,145,147,6
148,148,148,146,148,6
149,149,149,147,149,6
150,150,150,148,150,6
151,151,151,149,151,6
152,152,152,150,152,6
153,153,153,151,153,6
154,154,154,152,154,6
155,155,155,153,155,6
156,156,156,154,156,6
157,157,157,155,157,6
158,158,158,156,158,6
159,159,159,157,159,6
160,160,160,158,160,6
161,161,161,159,161,6
162,162,162,160,162,6
163,163,163,161,163,6
164,164,164,162,164,6
165,165,165,163,165,6
166,166,166,164,166,6
167,167,167,165,167,6
168,168,168,166,168,6
169,169,169,167,169,6
170,170,170,168,170,6
171,171,171,169,171,6
172,172,172,170,172,6
173,173,173,171,173,6
174,174,174,172,174,6
175,175,175,173,175,6
176,176,176,174,176,6
177,177,177,175,177,6
178,178,178,176,178,6
179,179,179,177,179,6
180,180,180,178,180,6
181,181,181,179,181,6
182,182,182,180,182,6
183,183,183,181,183,6
184,184,184,182,184,6
185,185,185,183,185,6
186,186,186,184,186,6
187,187,187,185,187,6
188,188,188,186,188,6
189,189,189,187,189,6
190,190,190,188,190,6
191,191,191,189,191,6
192,192,192,190,192,6
193,193,193,191,193,6
194,194,194,192,194,6
195,195,195,193,195,6
196,196,196,194,196,6
197,197,197,195,197,6
198,198,198,196,198,6
199,199,199,197,199,6
200,200,200,198,200,6
201,201,201,199,201,6
202,202,202,200,202,6
203,203,203,201,203,6
204,204,204,202,204,6
205,205,205,203,205,6
206,206,206,204,206,6
207,207,207,205,207,6
208,208,208,206,208,6
209,209,209,207,209,6
210,210,210,208,210,6
211,211,211,209,211,6
212,212,212,210,212,6
213,213,213,211,213,6
214,214,214,212,214,6
215,215,215,213,215,6
216,216,216,214,216,6
217,217,217,215,217,6
218,218,218,216,218,6
219,219,219,217,219,6
220,220,220,218,220,6
221,221,221,219,221,6
222,222,222,220,222,6
223,223,223,221,223,6
224,224,224,222,224,6
225,225,225,223,225,6
226,226,226,224,226,6
227,227,227,225,227,6
228,228,228,226,228,6
229,229,229,227,229,6
230,230,230,228,230,6
231,231,231,229,231,6
232,232,232,230,232,6
233,233,233,231,233,6
234,234,234,232,234,6
235,235,235,233,235,6
236,236,236,234,236,6
237,237,237,235,237,6
238,238,238,236,238,6
239,239,239,237,239,6
240,240,240,238,240,6
241,241,241,239,241,6
242,242,242,240,242,6
243,243,243,241,243,6
244,244,244,242,244,6
245,245,245,243,245,6
246,246,246,244,246,6
247,247,247,245,247,6
248,248,248,246,248,6
249,249,249,247,249,6
250,250,250,248,250,6
251,251,251,249,251,6
252,252,252,250,252,6
253,253,253,251,253,6
254,254,254,252,254,6
255,255,255,253,255,6
240,240,4,254,5,4
240,240,5,255,21,4
15,14,15,9,14,5
13,13,13,9,13,5
15,15,15,11,15,5
13,13,13,9,30,5
9,9,9,5,8,5
8,9,9,8,9,5
7,8,8,11,9,5
9,9,11,7,13,5
33,30,14,11,15,5
11,11,28,9,14,5
11,11,28,9,14,5
11,11,28,8,30,5
33,30,14,9,13,5
11,30,28,8,30,5
4,4,5,2,7,5
240,240,17,5,21,4
9,7,7,7,4,5
8,8,8,8,5,5
5,5,17,15,4,5
17,17,8,15,9,5
7,7,8,15,7,5
17,17,17,9,5,5
5,5,7,8,4,5
240,240,113,211,18,4
240,240,113,9,18,4
2,2,2,11,5,5
5,4,5,7,2,5
9,8,9,5,21,5
17,7,7,7,21,5
8,8,9,8,10,5
1,0,0,10,1,5
240,240,113,15,18,4
1,1,1,11,18,5
2,2,2,11,5,5
11,11,11,8,11,5
15,15,15,11,15,5
14,14,14,9,13,5
33,14,14,8,14,5
8,10,10,8,11,5
9,9,9,8,30,5
4,4,17,7,5,5
11,11,28,8,15,5
10,11,28,8,14,5
9,11,28,8,14,5
11,30,28,8,13,5
11,11,28,8,13,5
17,17,8,5,10,5
4,4,5,2,21,5
7,17,7,8,5,5
17,17,5,211,4,1
8,8,8,8,21,5
7,7,8,15,9,5
5,5,17,5,5,5
17,17,7,84,21,1
5,5,17,84,5,1
4,4,4,4,4,5
9,8,8,15,7,5
4,4,113,11,18,5
5,5,5,9,4,5
7,17,7,15,5,5
8,8,8,8,9,5
17,17,17,15,8,5
1,1,1,211,2,1
0,0,0,10,1,5
2,2,113,11,18,5
33,30,28,7,11,5
15,15,15,10,15,5
13,13,13,10,13,5
15,15,15,11,15,5
15,15,15,11,15,5
14,15,15,10,15,5
8,8,9,7,9,5
8,8,9,8,11,5
7,8,9,8,30,5
33,13,14,11,15,5
10,10,28,8,13,5
11,11,28,8,14,5
11,30,28,9,30,5
4,4,7,84,8,1
5,5,17,2,8,5
7,17,7,7,5,5
240,240,113,14,18,4
17,7,7,10,8,5
240,240,5,1,5,4
2,2,4,1,18,5
2,2,5,0,5,5
240,240,5,2,21,4
5,5,17,2,21,5
7,17,7,4,5,5
17,17,17,5,4,5
9,7,8,4,4,5
9,8,8,8,8,5
5,5,5,8,5,5
8,8,9,15,9,5
7,17,7,7,21,5
17,17,17,8,7,5
9,8,10,7,9,5
33,30,28,8,30,5
14,13,14,9,13,5
15,15,15,11,15,5
14,14,14,10,13,5
15,15,15,11,15,5
15,15,15,10,13,5
33,13,14,9,14,5
10,10,10,7,11,5
8,9,11,15,30,5
10,11,13,9,15,5
11,30,14,9,15,5
33,13,13,10,15,5
11,30,28,9,14,5
5,5,7,4,9,5
17,17,17,84,9,1
5,5,5,11,21,5
240,240,113,10,21,4
4,4,5,15,21,5
240,240,5,1,5,4
17,17,8,5,11,5
5,17,8,5,11,5
17,7,9,5,11,5
240,240,17,84,21,4
240,240,5,2,5,4
5,5,17,84,21,1
9,8,8,15,21,5
8,7,8,5,21,5
9,9,9,9,9,5
17,17,17,7,4,5
7,17,7,8,5,5
240,240,113,211,18,4
5,5,5,11,21,5
240,4,4,10,5,3
14,14,14,11,15,5
15,15,15,11,15,5
15,15,15,11,15,5
15,15,15,10,15,5
15,15,15,11,15,5
15,15,15,10,15,5
33,30,14,9,14,5
9,9,10,7,13,5
8,8,9,8,11,5
9,10,28,8,15,5
33,14,15,11,15,5
33,13,14,9,15,5
4,4,7,4,8,5
5,240,17,84,8,2
17,17,7,4,9,5
8,8,8,15,8,5
7,7,8,5,8,5
240,240,17,2,21,4
4,4,17,2,7,5
5,5,17,84,8,1
5,5,7,4,21,5
5,5,17,84,7,1
4,17,7,84,9,1
8,7,8,5,7,5
8,8,8,8,7,5
240,240,17,2,21,4
5,4,17,84,5,1
8,8,8,8,21,5
2,1,2,10,2,5
5,240,5,8,5,2
7,7,9,7,10,5
0,0,0,9,0,5
8,8,8,10,10,5
33,30,28,9,14,5
13,30,28,9,11,5
8,8,8,8,8,5
11,11,11,10,11,5
9,9,9,11,9,5
9,9,10,7,9,5
17,17,8,8,8,5
4,2,4,8,2,5
5,5,17,15,21,5
10,30,13,8,15,5
11,11,28,8,14,5
17,17,8,5,10,5
4,4,17,84,7,1
5,5,8,5,8,5
17,17,9,15,9,5
5,5,17,8,5,5
4,4,5,1,21,5
5,5,17,2,21,5
4,4,17,84,5,1
17,17,8,4,7,5
4,4,5,2,5,5
17,17,8,5,7,5
9,9,9,9,21,5
17,17,8,4,8,5
4,4,17,4,21,5
5,5,17,84,21,1
7,17,17,15,21,5
5,5,17,9,7,5
4,240,113,8,2,2
5,5,5,211,5,1
0,0,0,9,1,5
240,2,113,11,18,3
10,10,11,8,13,5
10,9,8,8,21,5
17,5,4,211,18,1
17,17,17,11,8,5
17,17,7,10,9,5
5,5,17,9,21,5
0,0,0,211,18,1
240,240,4,10,18,4
1,1,1,10,2,5
5,5,17,8,21,5
9,9,10,15,30,5
240,240,5,84,21,4
240,240,5,4,8,4
5,5,7,4,7,5
17,17,8,84,8,1
4,4,5,1,21,5
5,5,17,84,8,1
4,240,4,1,4,2
17,17,8,84,8,1
17,17,7,4,7,5
5,5,17,84,7,1
17,17,7,4,7,5
17,17,8,5,21,5
4,4,7,84,21,1
5,5,7,84,8,1
4,4,5,2,5,5
17,17,8,4,21,5
4,4,4,10,4,5
5,240,4,8,2,2
5,5,5,10,5,5
5,240,113,8,2,2
4,4,4,5,18,5
9,9,11,8,30,5
4,5,17,8,5,5
9,8,8,8,21,5
9,9,9,9,9,5
17,17,17,8,8,5
5,5,17,7,21,5
0,0,2,9,2,5
2,2,113,9,2,5
2,2,2,8,2,5
240,240,4,8,2,4
9,9,11,8,30,5
5,5,7,5,9,5
240,4,17,84,9,3
5,5,17,4,8,5
4,4,17,84,7,1
4,4,17,2,21,5
240,240,5,1,5,4
5,5,17,2,5,5
17,17,8,5,9,5
8,8,9,15,10,5
5,5,17,84,5,1
5,5,17,2,5,5
240,240,4,0,18,4
5,17,8,4,7,5
5,5,17,84,21,1
17,17,8,84,8,1
4,4,17,4,5,5
5,5,5,9,4,5
2,2,2,211,18,1
240,240,113,211,18,4
5,5,17,8,4,5
7,7,8,7,11,5
17,17,7,5,8,5
8,8,9,15,21,5
9,9,10,15,10,5
5,5,5,8,18,5
2,0,0,9,0,5
240,2,2,15,1,3
2,2,2,15,0,5
240,2,113,8,2,3
1,0,2,9,2,5
240,2,113,9,18,3
1,0,1,8,1,5
5,5,7,5,11,5
240,240,17,84,8,4
4,4,17,4,7,5
5,5,17,84,8,1
4,4,5,2,7,5
5,5,17,84,8,1
4,5,7,84,8,1
8,8,9,5,10,5
7,8,10,7,11,5
17,17,17,84,21,1
4,4,17,84,21,1
240,240,5,2,5,4
4,4,5,1,4,5
5,5,17,84,21,1
17,17,7,4,7,5
5,17,8,5,7,5
4,4,5,84,4,1
4,240,17,84,5,2
7,7,8,7,9,5
5,5,5,11,21,5
4,4,5,7,5,5
8,8,9,15,9,5
2,1,2,7,2,5
2,2,113,8,2,5
4,4,4,8,5,5
2,2,113,211,5,1
17,4,5,5,18,5
0,0,1,11,1,5
5,5,7,7,5,5
0,2,113,11,5,5
10,10,11,4,13,5
2,2,2,9,2,5
5,5,7,5,9,5
240,240,5,2,7,4
5,5,7,4,9,5
240,240,17,84,7,4
5,5,7,4,8,5
4,4,17,84,7,1
17,17,8,5,11,5
17,17,8,4,9,5
4,5,17,84,21,1
4,4,17,2,5,5
5,5,17,84,21,1
240,240,5,1,4,4
17,17,8,5,8,5
4,5,17,84,21,1
17,17,8,5,8,5
5,17,17,84,21,1
17,17,8,4,8,5
4,4,17,2,21,5
8,8,8,15,21,5
17,17,8,4,21,5
240,240,113,9,4,4
1,1,2,11,18,5
2,2,2,10,18,5
0,1,113,9,18,5
7,7,8,9,21,5
9,9,9,7,9,5
11,9,9,4,5,5
7,7,9,15,9,5
33,30,28,9,13,5
11,11,28,9,13,5
240,240,5,7,18,4
240,240,113,9,18,4
4,4,17,84,7,1
5,5,17,5,9,5
4,4,5,2,7,5
240,240,5,84,21,4
4,4,17,84,7,1
5,5,17,84,8,1
4,4,17,2,7,5
17,17,8,5,9,5
4,4,17,84,7,1
4,240,5,2,5,2
5,17,7,4,8,5
5,5,17,84,21,1
17,17,8,4,9,5
17,17,8,4,8,5
17,17,7,4,7,5
17,8,9,15,9,5
17,17,7,4,7,5
17,17,8,8,9,5
7,7,7,10,7,5
8,8,8,15,21,5
4,4,5,8,5,5
5,5,5,8,5,5
240,2,113,7,18,3
5,5,17,8,21,5
7,7,7,7,21,5
8,17,8,8,8,5
5,5,7,8,8,5
17,17,8,15,9,5
33,30,13,9,15,5
33,30,14,8,15,5
4,4,4,9,4,5
5,240,113,9,4,2
5,17,8,15,11,5
240,240,17,84,21,4
5,5,7,5,9,5
240,240,4,2,21,4
5,5,8,5,8,5
5,17,8,4,9,5
17,17,8,5,11,5
5,17,7,4,9,5
5,5,7,84,7,1
240,240,5,2,5,4
17,17,8,5,9,5
5,17,7,4,9,5
8,8,9,15,10,5
17,17,8,5,9,5
17,17,8,5,21,5
17,17,8,4,8,5
7,8,9,15,9,5
5,5,17,4,21,5
17,7,9,5,9,5
5,5,17,2,4,5
17,17,17,4,18,5
17,17,17,5,5,5
5,5,5,8,5,5
4,240,4,7,4,2
7,17,7,8,5,5
17,5,17,15,21,5
5,4,5,15,18,5
17,17,17,15,21,5
9,9,10,8,30,5
7,8,8,9,9,5
240,240,4,211,5,4
240,240,4,9,18,4
4,4,17,4,7,5
240,240,17,84,21,4
240,240,17,84,7,4
240,240,5,2,8,4
5,5,7,4,8,5
240,5,17,84,8,3
5,17,7,4,10,5
5,5,17,84,8,1
4,4,5,2,5,5
5,5,17,84,21,1
5,17,7,4,7,5
8,8,9,7,11,5
5,5,7,4,7,5
17,17,9,15,9,5
4,4,7,84,21,1
5,5,17,84,21,1
4,4,5,2,5,5
240,240,5,2,5,4
240,240,4,1,18,4
5,5,5,2,5,5
7,7,8,4,5,5
17,5,17,84,18,1
17,17,17,5,4,5
8,17,8,5,5,5
17,5,17,15,4,5
17,17,17,15,5,5
240,240,4,15,4,4
2,2,2,11,2,5
2,2,4,10,2,5
2,2,2,9,18,5
1,1,1,10,1,5
240,240,113,11,5,4
240,240,5,84,21,4
240,240,4,84,21,4
5,5,7,5,8,5
240,240,17,84,21,4
17,17,8,5,10,5
5,17,8,5,10,5
17,17,8,5,9,5
17,17,9,5,9,5
17,8,9,15,11,5
17,17,9,5,10,5
17,7,9,15,10,5
17,17,9,15,9,5
17,17,8,5,7,5
17,17,7,4,7,5
5,5,17,84,21,1
240,240,5,1,18,4
240,240,5,2,18,4
5,5,7,4,21,5
5,5,8,5,8,5
5,17,17,84,21,1
7,8,9,15,10,5
7,17,17,7,4,5
8,17,8,15,5,5
17,17,17,5,18,5
8,7,8,15,5,5
7,17,7,15,4,5
5,5,17,8,21,5
17,17,17,15,21,5
7,17,7,8,21,5
5,5,17,7,21,5
17,5,17,11,5,5
17,17,7,15,7,5
240,240,4,84,4,4
240,4,17,5,8,3
4,4,17,4,7,5
240,240,5,2,21,4
4,4,7,4,9,5
17,17,8,5,11,5
17,7,8,4,9,5
17,7,9,15,11,5
17,17,8,4,10,5
5,17,8,5,9,5
5,7,8,5,10,5
5,5,17,84,21,1
4,4,17,1,4,5
17,5,17,2,5,5
5,17,7,4,7,5
17,17,8,5,8,5
17,17,7,4,7,5
9,9,11,9,30,5
5,5,7,4,21,5
5,5,7,84,8,1
17,17,7,4,9,5
8,17,8,8,5,5
7,7,7,8,5,5
5,5,113,211,5,1
4,4,4,9,4,5
240,240,5,8,18,4
1,1,1,9,2,5
2,2,2,11,2,5
2,2,2,211,18,1
240,240,113,8,18,4
240,2,4,5,18,3
240,240,113,8,18,4
4,5,17,5,21,5
4,5,17,5,8,5
5,5,17,5,8,5
2,2,4,1,4,5
5,5,17,84,8,1
5,17,8,5,9,5
17,7,9,15,9,5
5,17,8,5,10,5
8,8,10,7,11,5
240,240,5,2,5,4
5,5,8,5,8,5
4,4,17,84,21,1
5,5,17,84,5,1
17,17,8,5,7,5
8,8,9,15,10,5
7,8,10,7,10,5
9,9,11,8,11,5
8,8,9,7,10,5
17,17,8,5,8,5
17,7,9,5,9,5
7,8,9,15,11,5
240,240,5,5,18,4
5,5,17,8,4,5
17,5,5,11,4,5
4,4,5,11,5,5
4,4,5,8,21,5
240,240,113,9,5,4
2,2,113,4,18,5
4,4,5,11,5,5
240,240,5,84,4,4
240,240,5,0,18,4
240,240,5,0,18,4
2,4,5,5,7,5
240,240,17,84,21,4
4,5,7,4,8,5
240,240,5,2,5,4
4,4,5,84,7,1
17,17,8,5,9,5
17,17,8,5,9,5
5,17,8,5,11,5
5,5,7,4,8,5
5,17,8,5,9,5
4,4,17,84,21,1
4,4,5,2,5,5
5,5,7,4,7,5
5,5,17,84,21,1
17,7,9,15,9,5
5,5,8,5,8,5
7,7,8,5,8,5
8,9,11,8,30,5
7,7,9,15,9,5
5,5,7,84,7,1
7,7,8,5,9,5
17,17,8,8,5,5
17,17,7,7,21,5
8,8,8,8,5,5
7,8,8,7,8,5
17,17,8,84,9,1
17,5,7,1,21,5
5,5,17,2,21,5
4,240,5,0,4,2
240,240,5,0,18,4
4,4,17,2,4,5
240,240,5,1,18,4
240,240,5,15,21,4
5,17,8,7,10,5
5,5,17,5,8,5
240,240,5,2,21,4
5,5,17,84,7,1
4,5,7,4,7,5
17,17,8,5,8,5
5,5,17,84,7,1
5,17,7,4,8,5
4,4,17,84,21,1
240,4,17,2,5,3
4,5,17,84,7,1
4,4,17,84,5,1
4,4,5,2,4,5
17,7,8,15,9,5
5,5,17,84,21,1
5,5,7,4,7,5
4,4,17,84,5,1
9,10,11,9,11,5
17,7,9,15,9,5
8,8,9,8,7,5
17,7,8,7,21,5
4,4,5,8,18,5
240,240,113,7,2,4
17,7,8,9,9,5
240,240,4,7,4,4
17,17,7,4,21,5
240,240,17,1,4,4
240,240,5,2,18,4
4,4,17,2,4,5
5,5,8,84,21,1
4,4,17,15,21,5
240,240,4,4,5,4
240,240,17,5,8,4
2,1,4,1,2,5
5,5,17,84,21,1
4,4,17,84,7,1
240,240,5,2,21,4
4,4,17,4,21,5
5,5,17,84,21,1
4,4,7,4,7,5
240,240,5,2,18,4
4,4,5,2,5,5
4,5,17,84,8,1
4,4,5,2,4,5
5,5,17,84,5,1
4,4,7,4,21,5
5,17,8,5,8,5
4,4,17,84,21,1
5,4,5,2,5,5
7,7,8,5,8,5
8,9,10,8,11,5
10,10,10,8,8,5
5,17,8,11,9,5
5,5,7,15,5,5
2,2,2,211,2,1
4,4,4,211,21,1
8,8,8,15,8,5
4,240,4,1,4,2
240,240,5,1,18,4
240,1,113,0,1,3
4,240,5,2,5,2
4,4,5,1,4,5
5,5,17,9,5,5
240,240,5,5,5,4
0,0,113,2,2,5
240,240,5,84,5,4
4,4,17,84,21,1
5,5,17,84,21,1
240,240,5,2,21,4
5,5,17,84,21,1
240,4,17,84,5,3
5,5,17,4,7,5
4,4,17,84,5,1
5,5,17,4,7,5
240,240,4,1,4,4
5,5,7,4,21,5
5,5,17,84,5,1
17,17,8,5,7,5
5,17,7,4,7,5
5,5,8,4,8,5
4,4,17,84,21,1
17,7,8,8,9,5
4,4,5,8,5,5
17,7,8,9,9,5
17,8,9,11,11,5
5,5,17,84,5,1
4,4,17,84,5,1
4,5,5,14,21,5
240,240,4,15,4,4
240,240,5,0,18,4
240,2,113,0,1,3
240,240,5,2,18,4
5,5,17,84,21,1
17,17,8,2,21,5
2,2,113,8,18,5
1,1,2,2,1,5
2,240,5,5,5,2
240,240,4,84,4,4
5,5,17,5,7,5
4,4,5,2,5,5
240,240,17,84,21,4
4,4,5,84,5,1
5,5,17,84,5,1
4,4,5,84,21,1
240,240,5,2,18,4
240,240,4,1,18,4
5,5,17,4,7,5
4,4,5,2,5,5
5,5,17,84,21,1
4,4,7,4,7,5
5,5,17,84,21,1
5,5,7,4,7,5
240,240,17,2,5,4
4,4,17,84,21,1
4,5,5,8,5,5
8,8,10,5,8,5
5,5,17,2,18,5
4,4,17,1,4,5
5,5,17,2,5,5
8,8,10,5,10,5
17,17,8,84,8,1
240,1,113,0,1,3
240,240,5,2,18,4
5,5,7,4,7,5
17,17,17,84,21,1
240,240,4,1,4,4
8,8,8,5,8,5
2,2,113,5,4,5
240,240,5,5,21,4
240,240,5,5,7,4
240,240,17,84,21,4
5,5,17,84,21,1
4,4,17,84,21,1
4,5,17,84,21,1
240,4,17,84,21,3
240,4,17,84,21,3
240,240,4,1,18,4
5,5,7,5,8,5
240,240,17,84,21,4
5,5,17,84,21,1
240,240,5,2,4,4
5,5,17,84,21,1
4,4,17,84,21,1
5,5,17,84,21,1
240,240,4,1,4,4
5,5,7,84,21,1
17,17,8,4,8,5
8,8,9,5,8,5
4,4,5,2,4,5
5,5,17,2,18,5
5,5,17,84,4,1
8,8,9,5,9,5
7,17,7,4,7,5
5,5,17,2,5,5
4,240,17,2,18,2
17,17,7,84,21,1
4,4,17,2,4,5
5,5,17,2,5,5
17,17,7,5,21,5
1,1,113,4,4,5
2,2,4,5,5,5
1,1,2,84,18,1
2,2,113,2,18,5
4,5,7,4,7,5
5,5,17,84,21,1
4,4,7,4,8,5
240,240,17,84,5,4
240,240,5,84,21,4
2,240,5,84,5,2
240,240,5,2,4,4
5,5,17,5,8,5
240,4,5,84,5,3
240,4,5,84,5,3
4,4,5,2,5,5
240,240,5,2,5,4
240,240,4,1,4,4
240,240,5,2,5,4
4,4,5,2,4,5
240,240,17,84,5,4
17,17,7,4,7,5
5,5,5,2,18,5
7,7,7,4,5,5
17,17,8,84,21,1
9,8,9,5,9,5
240,240,5,2,18,4
4,4,5,1,4,5
5,5,17,2,18,5
4,4,17,2,4,5
17,5,17,84,5,1
5,5,7,84,21,1
8,8,9,15,8,5
1,2,2,4,18,5
0,0,2,84,18,1
2,2,113,84,18,1
240,240,5,84,21,4
5,5,17,5,21,5
240,4,17,84,21,3
5,17,8,5,9,5
4,4,17,4,21,5
240,5,17,5,7,3
2,240,5,84,21,2
240,5,17,84,21,3
4,4,17,84,5,1
5,17,8,15,10,5
4,5,17,4,7,5
5,5,17,84,5,1
240,240,4,1,18,4
240,240,5,2,18,4
240,240,5,1,18,4
240,240,5,2,5,4
240,240,5,2,4,4
5,5,17,84,21,1
17,17,8,5,8,5
17,8,9,15,9,5
5,5,17,84,21,1
8,8,9,5,9,5
4,240,17,2,18,2
17,17,8,84,5,1
240,240,4,0,2,4
5,5,17,84,5,1
17,17,17,84,21,1
17,17,8,84,21,1
7,7,8,5,21,5